2222443223344322
222
2131111333424443331
1
11
1121
23333556567887999888988865554243457789986468891199111
9988666544345322466666464681
81
1113131214141617191818191719191718181719181819181616141413131214161615151416181817161517151315151614121312111198888881
1
1
887553457546443578881
1
977875566457798888755542233344543132
132333345664222
224646576534246878791
119111211991
81
1
1
987777643342244221322344444231
112
2331122211
111
1
1
222
1
224421
1212131
113453345781
1
81
1
111111981
97911121212121
991112121412131517171716161517191919192
18191921222223232525272624262625232121191921212222212
2
222321222221222
19191816141415131313111314131212141614141211111311975667777678666868799757757665557778889119897891
889766789991
98655432454468866879755678886464431
1111357757866421
222235553353357531133432222111
113222421
